0 0.188054 0.678662 0.296018 0.061886
0 0.503575 0.679518 0.310226 0.056667
0 0.816448 0.676930 0.297783 0.058421
0 0.186267 0.803224 0.303122 0.060132
0 0.500905 0.804956 0.301357 0.053246
0 0.820882 0.804956 0.303122 0.053246
0 0.182738 0.925219 0.303122 0.049825
0 0.499140 0.925219 0.297828 0.053246
0 0.819095 0.934671 0.299548 0.061886
0 0.500023 0.554956 0.303122 0.058421
0 0.179186 0.054934 0.296018 0.051535
0 0.500023 0.056645 0.299593 0.048114
0 0.821765 0.056645 0.304887 0.048114
0 0.180950 0.184671 0.292489 0.060132
0 0.505362 0.183816 0.303122 0.055000
0 0.816448 0.181250 0.297783 0.060132
0 0.187149 0.315263 0.301357 0.049825
0 0.502670 0.314386 0.301357 0.058421
0 0.812014 0.310965 0.303122 0.055000
0 0.185362 0.433816 0.294253 0.056667
0 0.498235 0.432961 0.296018 0.054956
0 0.818213 0.434671 0.301312 0.054956
0 0.182738 0.556667 0.303122 0.065263
0 0.816425 0.555811 0.301357 0.056711
