0 0.110800 0.194226 0.168400 0.134048
0 0.095400 0.331696 0.178000 0.130536
0 0.091233 0.476042 0.182467 0.137440
0 0.088183 0.646994 0.171300 0.149464
0 0.076800 0.809345 0.153600 0.151190
0 0.291683 0.079137 0.160700 0.092798
0 0.286883 0.200238 0.160700 0.111667
0 0.281100 0.335982 0.168400 0.132321
0 0.275333 0.479464 0.170333 0.130595
0 0.272433 0.628601 0.179933 0.154583
0 0.262817 0.800417 0.189567 0.161548
0 0.259933 0.950030 0.193400 0.099940
0 0.463433 0.081369 0.155867 0.091071
0 0.464400 0.191310 0.163600 0.115119
0 0.467283 0.327917 0.161633 0.127143
0 0.468250 0.476548 0.175100 0.132262
0 0.469200 0.635476 0.184733 0.144286
0 0.473067 0.798690 0.184733 0.154643
0 0.628467 0.080476 0.151067 0.099643
0 0.631833 0.189583 0.159733 0.115119
0 0.638567 0.327917 0.161667 0.123690
0 0.645300 0.470506 0.175133 0.137440
0 0.652033 0.630327 0.177067 0.147798
0 0.662617 0.796964 0.188567 0.154643
0 0.665033 0.944018 0.193400 0.111964
0 0.798283 0.076190 0.153967 0.097976
0 0.803583 0.197321 0.172233 0.123690
0 0.819450 0.329643 0.178967 0.127143
0 0.831483 0.473095 0.183767 0.139167
0 0.846867 0.623452 0.191467 0.151190
0 0.866600 0.792679 0.184733 0.170119
0 0.885367 0.946607 0.195333 0.106786
0 0.124750 0.071399 0.153967 0.077321
