0 0.175850 0.709848 0.317500 0.171818
0 0.170900 0.122939 0.331700 0.164909
0 0.165900 0.307727 0.314700 0.192303
0 0.170875 0.508848 0.330250 0.195879
0 0.167325 0.908242 0.317550 0.169939
0 0.501150 0.119485 0.316100 0.152909
0 0.502575 0.503697 0.324650 0.195879
0 0.507550 0.703848 0.300500 0.173515
0 0.491250 0.897848 0.313300 0.177030
0 0.833575 0.122939 0.317550 0.159818
0 0.837825 0.311273 0.314650 0.185576
0 0.834275 0.514848 0.310450 0.194182
0 0.830725 0.709848 0.326050 0.171818
0 0.819400 0.903970 0.306200 0.175091
