0 0.625724 0.150588 0.232121 0.213059
0 0.620808 0.618794 0.234074 0.194176
0 0.620808 0.855912 0.234074 0.214765
0 0.138401 0.148853 0.233098 0.202765
0 0.143316 0.395412 0.237003 0.190706
0 0.140370 0.610176 0.240943 0.204471
0 0.139882 0.858471 0.238013 0.206235
0 0.380842 0.151412 0.243906 0.207882
0 0.859293 0.619647 0.229158 0.185529
0 0.861279 0.151412 0.231111 0.204471
0 0.859293 0.385971 0.229158 0.206176
0 0.381330 0.380794 0.235051 0.202765
0 0.381818 0.623088 0.234074 0.209588
0 0.858805 0.859324 0.228182 0.190765
0 0.380842 0.857618 0.236027 0.201000
0 0.619832 0.387676 0.236027 0.192412
