0 0.905495 0.646322 0.189009 0.084537
0 0.108491 0.054141 0.185180 0.100969
0 0.303086 0.051167 0.188243 0.100925
0 0.506486 0.051167 0.188198 0.095022
0 0.702297 0.051167 0.191261 0.100925
0 0.902680 0.046718 0.185180 0.092026
0 0.104730 0.157687 0.181351 0.084537
0 0.300788 0.156652 0.181306 0.086608
0 0.508468 0.152511 0.187658 0.082467
0 0.697162 0.149449 0.189730 0.080396
0 0.904459 0.151498 0.191081 0.068018
0 0.113153 0.247379 0.193964 0.090705
0 0.306081 0.248414 0.187658 0.076300
0 0.501081 0.249427 0.189730 0.086608
0 0.706644 0.251498 0.191847 0.078326
0 0.902725 0.253546 0.187613 0.090705
0 0.115270 0.348392 0.198198 0.090705
0 0.302905 0.354581 0.177072 0.086608
0 0.505293 0.352533 0.185541 0.078370
0 0.703468 0.354581 0.193964 0.086608
0 0.901667 0.345308 0.189730 0.080396
0 0.108941 0.446344 0.181306 0.080441
0 0.305023 0.452533 0.185541 0.088678
0 0.505315 0.450463 0.198198 0.084537
0 0.703491 0.446344 0.198153 0.080441
0 0.899572 0.441189 0.185541 0.098943
0 0.104730 0.548414 0.177117 0.082467
0 0.308198 0.551498 0.183423 0.080441
0 0.501081 0.543260 0.193964 0.076300
0 0.697162 0.544273 0.177117 0.082467
0 0.898491 0.551498 0.191847 0.084493
0 0.100518 0.650463 0.198153 0.088678
0 0.303964 0.651498 0.196036 0.090749
0 0.503198 0.647357 0.189730 0.086608
0 0.705586 0.647379 0.189730 0.094846
0 0.103671 0.745308 0.187613 0.088678
0 0.305023 0.752533 0.185541 0.086564
0 0.504257 0.750463 0.179234 0.086564
0 0.699279 0.744273 0.189730 0.090749
0 0.905901 0.746344 0.172883 0.086608
0 0.102613 0.850463 0.189730 0.076256
0 0.308176 0.850463 0.179234 0.084537
0 0.507410 0.855639 0.189775 0.082467
0 0.704550 0.848414 0.183423 0.096916
0 0.901667 0.848392 0.181351 0.080396
0 0.106847 0.949427 0.189730 0.092775
0 0.302905 0.949427 0.181306 0.088634
0 0.506374 0.948414 0.191847 0.082467
0 0.706644 0.953546 0.187613 0.084537
0 0.905878 0.945308 0.177072 0.096872
